12.8674
18.2759
13.6979
14.7363
15.7418
13.5111
16.3045
14.3821
16.1763
11.9773
11.999
11.274
9.9302
10.5087
9.68101
9.48974
9.5087
8.7944
9.32361
8.34566
8.91806
8.38119
8.89636
8.73394
9.08206
8.80761
9.79543
8.13561
9.01423
9.78226
10.7349
12.3633
10.4301
9.63009
9.44819
8.46267
7.78
7.28721
7.14499
6.75609
6.61475
6.30282
6.81632
7.25667
7.45111
8.08389
8.2629
9.30089
10.8173
13.5265
18.1223
27.6267
60.9451
-188.606
-151.742
250.159
310.269
-272.283
-880.826
860.896
-1104.57
753.066
9925.29
2283.43
1008.66
-742.71
-1629.12
-131049
2611.87
-880.899
3119.01
938.018
-987.59
4295.91
3815.19
-21374.9
-1684.64
