14.8909
18.9895
15.1653
15.12
18.8089
16.9309
16.4516
17.3167
14.4524
12.1576
14.0229
13.3315
11.9406
14.6026
14.1386
10.4578
9.77871
11.5648
9.85297
9.91307
9.78873
10.6017
10.2295
8.8083
9.77011
8.59583
10.3055
10.4461
10.1292
12.579
13.1371
9.41514
11.727
10.7161
9.33179
8.53366
8.4701
7.36104
6.83195
6.52882
6.24864
5.98259
6.18488
6.81025
7.78695
8.11308
8.15013
9.06942
10.6705
14.7299
18.318
31.1786
125.298
1303.57
-170.982
64.0895
394.645
-460.025
-498.356
746.509
530.127
-2297.95
-6318.58
771.088
548.044
-2136.66
-331.419
1120.97
-1374.94
-18609
-4178.18
681.556
-2230.36
-1220.3
1382.64
34286.9
-1035.09
