11.9
11.8211
14.1981
14.0692
-inf
13.5252
13.0553
12.6147
12.3176
12.0462
13.995
11.4828
12.0853
11.7034
11.1224
11.2142
7.16224
11.1303
11.3027
11.293
10.9039
12.1296
9.29418
11.3382
11.4314
8.40437
11.1141
10.0883
11.1946
8.6104
10.5187
11.5162
11.8463
8.12377
8.7387
7.47672
9.41699
7.04998
7.96725
5.86599
6.33937
6.33825
6.25443
6.72061
7.70852
7.25657
8.33842
9.69004
11.1532
15.7578
15.4276
35.5124
-inf
-inf
-inf
-inf
-inf
-inf
-inf
-inf
-inf
-inf
-inf
-inf
-inf
-inf
-inf
-inf
-inf
-inf
-inf
-inf
-inf
-inf
-inf
-inf
-inf
