12.736
17.9531
13.9427
15.9461
17.1888
14.9812
16.2952
13.992
16.1955
11.935
11.6795
11.4419
9.98494
10.6412
9.00612
9.42598
9.2409
8.9849
9.63554
8.44492
8.87094
8.51503
9.04188
8.90929
9.02185
9.03931
9.66765
8.22033
9.23809
10.1097
11.4591
11.7544
10.8447
9.83027
9.49395
8.32057
7.67428
7.35662
7.25512
6.73237
6.88322
6.51347
6.57839
7.38785
7.37789
8.29539
8.37513
9.31603
10.7733
13.1198
18.4252
27.0854
62.76
-198.379
-131.452
244.475
211.785
-243.218
-1652.59
600.797
-920.184
844.261
17551.4
6871.58
757.257
-856.124
-5808.69
-6027.56
2857.53
-972.797
3803.23
1068.51
-914.316
2061.39
8483.03
10782.7
-1293.68
