19.4626
15.7162
26.13
11.2797
-inf
8.95032
113.026
11.4696
21.2278
12.4489
8.28092
49.8954
5.50128
20.0719
7.76827
9.48983
7.95268
740.643
4.55369
8.71097
6.85823
7.5249
9.45082
7.22033
6.65053
13.7027
6.53841
8.97569
10.3847
8.25385
-inf
8.04414
6.51947
42.6343
5.75642
18.0489
5.87785
6.29388
6.88017
10.1511
7.56032
6.00361
8.41472
9.06814
6.53278
13.1275
153.415
-inf
-inf
22.7771
-inf
-inf
-inf
-inf
-139.442
222.215
-inf
-inf
-inf
-inf
-inf
-inf
-inf
-inf
-inf
-inf
-inf
-inf
-inf
-inf
-inf
-inf
-inf
-inf
-inf
-inf
-inf
