13.813
12.9008
11.4035
13.0422
13.1511
33.8072
11.3382
14.3505
10.9517
11.795
11.3267
11.8702
11.5556
10.1204
8.70034
11.0542
11.1541
9.20014
12.2033
7.40134
9.10961
8.86012
8.27667
8.4487
6.81456
8.4509
8.66612
10.3503
8.97395
10.2833
10.279
12.2398
8.99451
10.9419
7.43895
10.4601
6.6204
7.17685
6.30734
6.44457
7.2314
6.31707
6.28505
7.12186
6.99039
7.47832
9.81109
9.77033
8.95665
13.3749
16.7659
23.3507
-inf
-inf
-inf
-inf
-inf
-inf
-inf
-inf
-inf
-inf
-inf
-inf
-inf
-inf
-inf
-inf
-inf
-inf
-inf
-inf
-inf
-inf
-inf
-inf
-inf
