14.7014
18.2248
14.0971
15.0651
16.4395
14.3014
16.8595
14.5815
17.2748
12.5158
12.0474
11.7493
9.7659
9.92323
9.48806
9.17126
9.19226
9.35438
9.7364
8.04957
8.9336
8.42672
8.65322
8.9335
9.91096
8.75679
9.52912
8.22033
9.14889
10.1308
10.9848
12.7833
11.1031
9.83027
10.345
8.56839
7.94621
7.79651
7.29128
6.87706
6.84556
6.53645
6.69378
7.13393
7.46962
8.32478
8.23601
9.03686
10.799
13.2573
17.9404
27.446
61.2365
-183.616
-138.479
266.942
254.895
-205.608
-694.38
691.541
-1513.28
800.353
1851.13
3406.63
868.558
-981.132
-3028.78
-2870.16
3632.65
-1113.66
-5084.54
892.226
-832.336
2817.84
-6528.39
1693.59
-1216.61
