12.6702
11.9031
13.0288
12.6321
68.6242
12.9209
13.0621
10.6612
12.0008
11.2304
12.5
11.6605
11.4873
11.7063
11.8034
11.7236
7.86159
13.2
11.8076
11.7538
11.0138
10.5768
8.60616
10.9009
10.9842
9.7244
11.0687
9.19047
10.6365
10.1289
10.9573
10.1204
12.3948
10.2463
8.07292
6.67796
8.37226
6.62885
6.90576
6.15401
6.21716
6.26387
6.36699
6.71306
6.71124
7.46577
8.3503
9.50992
9.66986
14.8543
15.1583
2121.85
-inf
-inf
-inf
-inf
-inf
-inf
-inf
-inf
-inf
-inf
-inf
-inf
-inf
-inf
-inf
-inf
-inf
-inf
-inf
-inf
-inf
-inf
-inf
-inf
-inf
