12.5555
14.1326
13.0048
18.1251
14.0941
10.4733
12.7009
13.913
12.3701
11.3314
11.4149
10.4678
10.0387
8.89753
9.31094
8.66392
8.61237
9.48329
8.07725
8.09653
7.8407
7.83195
8.37047
7.94899
8.90604
7.97815
8.14356
7.90664
8.26028
8.34265
9.1059
9.12851
9.18965
8.68026
8.01108
7.32993
7.00963
6.28544
6.17661
5.80585
5.53587
5.68004
5.82293
6.48625
7.02956
7.79977
7.96258
9.02305
10.8263
12.4532
16.521
26.2032
65.4393
-175.408
-150.397
167.964
436.524
-509.307
-415.104
464.523
-729.877
321.845
-1018.78
-910.286
763.088
-595.214
-496.719
605.417
807.681
67678.7
-686.76
273.481
-1938.14
-2624.17
-13373.3
-35589.6
-539.813
