12.7796
16.9192
14.0071
15.9847
16.9087
14.173
16.752
14.8856
15.8096
12.6455
12.4589
11.7017
9.66364
10.0535
9.99628
9.12907
9.00343
8.78348
9.94348
8.47768
10.1472
8.3842
9.23212
8.67234
9.33709
8.9151
9.58269
8.1411
9.67947
9.89799
10.8981
12.5417
10.9055
9.78339
10.282
8.28603
7.94642
7.30821
7.22953
6.7676
6.74105
6.48166
6.64533
7.21067
7.43204
8.13846
8.23024
9.27835
10.9017
12.5838
18.0508
27.4971
62.5139
-183.66
-142.196
247.483
255.51
-250.433
-2219.22
732.511
-876.956
794.775
5294.94
3120.17
899.708
-979.087
-1752.34
2492.39
3267.78
-1536.42
4503.06
955.557
-925.272
2093.97
-21123
1880.97
-953.692
