12.8353
18.0822
13.5944
15.7624
16.8975
14.5334
16.0468
14.6739
16.2035
11.7715
11.4423
11.274
10.0313
10.5251
9.53475
9.06115
9.15066
8.76197
9.17546
8.42442
8.87094
8.49732
8.84407
8.73147
8.75202
9.0742
9.71326
8.29933
9.71182
10.1435
11.1059
11.9835
10.6484
9.75237
9.82055
8.27638
7.78
7.32625
7.2234
6.628
6.81832
6.30801
6.79497
7.38785
7.45111
8.37232
8.28836
9.44873
10.7971
12.9172
17.9174
27.0064
62.6515
-200.589
-145.977
222.478
217.73
-347.788
832.542
721.416
-847.975
1239.52
5706.33
-64560.2
1032.62
-828.553
-2196.73
2349.49
2818.26
-1199.74
5859.94
996.748
-1217.93
3142.86
3389.07
2824.13
-896.005
