14.789
21.9546
12.5469
17.9285
34.7605
15.311
17.5645
19.7048
18.1875
12.5859
11.7355
14.4484
12.9856
11.5535
13.1716
9.59573
10.1493
10.7471
12.6623
10.3404
9.65982
11.5673
10.2179
10.1232
10.1454
8.01854
13.5128
10.9132
9.61895
11.8068
12.1475
11.5597
10.5148
9.04405
9.1318
8.5602
7.2898
7.64994
7.11223
6.31546
6.49188
5.98414
6.75768
6.56429
7.68478
8.27755
9.25619
8.99684
10.1495
14.5404
18.0581
33.0163
105.656
680.714
265.646
71.5172
209.935
-243.362
-283.601
453.682
-359.094
399.609
-1245.23
1081.31
720.862
1413.16
-315.822
308.996
-898.931
3431.48
1141.96
1174.35
1600.42
-889.479
-6485.6
1323.96
-521.462
