14.4902
8.72923
37.9365
14.4018
52.139
19.89
-inf
10.8401
13.9168
11.3164
7.80056
-inf
6.59057
18.5566
9.59119
8.27193
7.59615
172477
5.53396
5.82403
4.27343
6.98657
9.62581
7.7288
6.65053
9.77502
6.44736
9.07127
10.8713
8.25385
18.9729
9.0468
7.17272
33.0621
6.71384
14.1846
6.61437
7.047
13.9153
9.77536
8.11325
5.98413
9.48516
8.02015
6.25128
9.94634
19.0857
93.9133
-inf
-inf
-inf
-inf
-inf
-inf
-180.593
175.503
-inf
-inf
-inf
-inf
-inf
-inf
-inf
-inf
-inf
-inf
-inf
-inf
-inf
-inf
-inf
-inf
-inf
-inf
-inf
-inf
-inf
