13.1304
13.5253
15.0281
21.2149
15.117
10.9077
13.0751
14.9718
11.6705
9.69219
13.6076
10.0298
11.8575
8.32358
10.4549
9.0902
10.3809
9.90596
8.27682
8.13135
7.8488
9.19858
9.12362
8.04359
8.59714
8.50233
8.71392
7.81252
8.1407
8.84044
9.05367
9.55869
9.28882
9.71212
6.93973
7.03944
7.94743
6.57878
6.19182
6.30703
5.95334
5.74824
5.74286
6.96982
7.05
7.80977
7.87539
9.4404
10.6521
12.2182
16.2523
29.0607
58.508
-223.949
-123.31
155.235
335.597
655.003
-729.577
532.352
978.465
293.2
-863.734
5021.04
1015.92
-326.071
-494.028
888.363
-993.845
-1388.72
25357
390.692
-547.709
-775.94
-934.311
1865.42
-423.266
