12.2943
13.1509
11.7504
13.0422
12.5715
30.151
11.7682
31.2228
10.5464
12.1722
11.1224
11.5628
10.9329
10.7801
9.36489
11.1041
11.0932
9.64049
11.8135
8.20056
7.85293
9.98141
10.1798
8.15634
6.82786
7.60559
9.81573
10.0284
8.6104
10.3688
10.4303
12.16
8.44636
9.5792
7.95404
10.1763
7.35135
7.3676
7.04623
6.2121
7.12543
6.47175
6.08084
7.16341
7.0227
7.46219
9.35598
10.0329
8.8371
12.9831
16.7528
21.0138
-inf
-inf
-inf
-inf
-inf
-inf
-inf
-inf
-inf
-inf
-inf
-inf
-inf
-inf
-inf
-inf
-inf
-inf
-inf
-inf
-inf
-inf
-inf
-inf
-inf
