11.2388
11.3507
12.041
12.9031
-inf
13.9137
13.8055
12.7664
12.08
11.8818
12.4152
11.3317
12.1418
11.7034
11.5139
11.3079
6.71832
12.2338
10.9558
11.9657
10.2572
11.4982
10.2239
10.9621
11.4362
9.03071
11.4008
9.22896
11.3132
9.062
10.3052
11.272
11.9031
8.64821
9.13306
7.38397
9.23191
7.08918
7.4311
6.11819
6.14069
6.2754
6.4024
6.59912
7.44857
7.27803
8.46415
10.0733
11.0336
14.76
14.8393
49.2043
-inf
-inf
-inf
-inf
-inf
-inf
-inf
-inf
-inf
-inf
-inf
-inf
-inf
-inf
-inf
-inf
-inf
-inf
-inf
-inf
-inf
-inf
-inf
-inf
-inf
