15.5637
13.9169
14.2515
21.8253
14.9077
11.4817
13.8705
14.7954
10.2466
9.96723
12.383
9.81208
10.5634
9.04124
10.0874
8.82511
11.3211
11.315
7.99739
8.04655
7.81314
8.20553
9.42373
7.66183
8.25101
7.60305
8.61535
7.88906
8.53019
8.71725
9.15153
9.4278
9.32276
9.30816
7.34403
7.15312
7.07809
6.31744
6.16102
6.12689
5.71132
5.72868
5.6462
6.72324
7.00418
7.65226
7.82941
8.94751
10.1866
12.363
16.329
27.4169
59.9179
-162.348
-275.984
145.97
354.251
-611.583
-722.575
543.317
-893.849
291.448
-644.204
1599.82
2969.31
-408.374
-853.325
942.487
-511.908
-2129.76
1604.59
353.914
-584.596
-5403.08
-1313.45
29015.2
-541.428
