48.2383
9.75067
32.1679
11.9309
-inf
10.8056
-inf
11.2326
-inf
11.6283
6.71814
23.3175
8.11508
6.86317
9.37402
9.37082
7.4699
55.548
5.24593
14.7632
9.13988
5.84909
9.59254
8.29258
6.65053
9.06233
6.61182
8.91538
10.7428
14.7326
10.9889
12.5554
8.93302
21.6439
6.73258
15.1929
9.0613
5.87961
8.28553
10.6075
11.2318
5.80852
10.2965
10.2463
8.64085
11.241
29.0464
-inf
60.0777
-inf
-inf
-inf
-inf
-inf
-74.3422
175.503
-inf
-inf
-inf
-inf
-inf
-inf
-inf
-inf
-inf
-inf
-inf
-inf
-inf
-inf
-inf
-inf
-inf
-inf
-inf
-inf
-inf
