13.6475
12.5842
12.7503
11.616
13.0927
156.391
11.3267
28.5716
10.7455
12.2185
11.2036
11.322
11.0542
11.1574
9.78926
10.9372
10.9447
9.87553
11.7893
8.23412
8.44759
10.7254
8.23389
9.25242
7.30313
8.15032
9.90905
10.6963
8.89535
10.3981
10.7503
12.1503
8.29082
10.4565
7.39829
10.1763
6.97238
7.85285
6.56364
6.4062
7.05035
6.46577
6.22389
6.80005
7.66872
7.75039
9.81109
10.2193
8.31802
13.7749
16.0077
17.6573
-inf
-inf
-inf
-inf
-inf
-inf
-inf
-inf
-inf
-inf
-inf
-inf
-inf
-inf
-inf
-inf
-inf
-inf
-inf
-inf
-inf
-inf
-inf
-inf
-inf
