17.1275
25.279
52.9908
11.9782
39.7675
13.3056
12.6004
13.7763
39.1512
213.902
14.533
8.58966
9.84171
9.88356
6.76137
12.7097
7.71348
21.8093
6.03542
20.7654
8.97705
8.52581
11.6361
11.742
nan
4.34398
7.50776
5.56436
-inf
7.51135
16.7492
16.6871
15.1314
17.5826
9.38922
18.0163
6.26198
5.45848
11.5587
7.73771
11.4796
8.73112
12.09
9.41618
13.6305
35.175
29.5499
59.592
29.811
-inf
-inf
-inf
-inf
-31.0587
690.134
-inf
-inf
-inf
-inf
-inf
-inf
-inf
-inf
-inf
-inf
-inf
-inf
-inf
-inf
-inf
-inf
-inf
-inf
-inf
-inf
-inf
