15.0003
24.0849
14.5486
15.4267
31.8721
15.8205
17.1098
16.8787
12.3133
14.2847
13.6653
11.9293
11.5866
14.5654
12.4735
10.7648
9.1241
11.2784
10.2492
10.0934
9.46387
9.92831
9.86249
10.7186
9.38961
8.95772
8.85162
9.765
10.1682
11.9278
13.581
12.3869
11.2261
9.87868
8.48105
8.30968
7.76671
8.4136
6.88587
6.96311
6.29356
5.85447
6.43748
6.66807
7.56881
8.07047
8.35574
9.57267
10.6744
14.6909
16.9634
29.6511
119.126
-1503.4
-78.4609
55.1877
745.797
-483.154
-474.826
547.272
332.469
-1518.31
3730.28
1873.23
680.202
-1389.67
-573.498
735.631
-1662.68
9990.01
-13309.6
582.862
-2679.9
-2725.26
1970.29
3183.68
-1727.11
