12.1008
10.2351
12.9553
12.9031
136.717
13.2534
15.9884
11.9908
12.016
12.0352
13.3065
11.488
12.5265
10.8823
10.6212
11.607
9.2933
11.7451
10.3503
11.7065
10.8542
10.9521
10.2239
10.8368
11.1104
8.7267
11.4008
10.4982
11.2222
9.20196
10.7285
11.2036
12.6605
8.37113
9.17124
6.88144
8.72227
6.91575
7.65947
6.09099
6.20944
6.31466
6.24214
6.35273
7.67531
7.24966
8.38199
9.96213
11.2465
15.1901
15.1159
31.2839
-inf
-inf
-inf
-inf
-inf
-inf
-inf
-inf
-inf
-inf
-inf
-inf
-inf
-inf
-inf
-inf
-inf
-inf
-inf
-inf
-inf
-inf
-inf
-inf
-inf
