11.9299
33.0362
14.3811
13.6867
217.863
21.3698
17.2731
18.6416
14.1639
12.498
13.8189
12.5738
12.3112
14.6026
14.3832
9.81806
9.06734
10.3633
10.0994
10.0335
10.7162
9.20953
8.95682
11.3184
10.3493
9.41993
10.0836
9.25514
8.92944
12.3991
14.366
10.9225
11.1996
9.287
9.85282
8.18118
7.59747
7.56934
7.13416
6.83452
6.4919
5.85309
6.077
6.7982
7.6691
8.35596
8.54982
9.80933
10.8884
14.9315
19.753
35.3661
92.2489
-6762.66
-96.0712
143.588
229.939
-292.3
-291.627
305.5
-1687.47
-3118.85
-2540.99
673.263
603.056
-1182.47
-474.873
738.89
-908.25
1853.02
-2426.87
574.489
1709.11
-1720.51
-7147.67
4432.97
-877.837
