14.0041
12.7751
14.3167
11.3714
13.1511
47.6872
13.3422
26.337
10.0992
12.2185
11.7916
11.8004
11.0542
10.7982
10.5864
11.0542
11.1675
9.88916
11.6948
10.1089
8.44759
10.7061
7.90563
9.54445
7.27358
9.18399
8.64112
9.29375
8.25753
11.0543
11.0177
12.2595
7.33637
10.4033
7.44203
10.2107
6.60602
7.47036
6.92996
5.98773
7.3676
6.44457
6.22389
7.22461
8.24779
7.93694
9.04237
10.0625
8.73426
13.6626
16.9326
21.2132
-inf
-inf
-inf
-inf
-inf
-inf
-inf
-inf
-inf
-inf
-inf
-inf
-inf
-inf
-inf
-inf
-inf
-inf
-inf
-inf
-inf
-inf
-inf
-inf
-inf
