13.2855
18.9895
17.3048
15.4335
40.0344
12.3285
15.6183
19.2214
15.4808
13.9041
15.456
11.9444
11.8666
11.4949
16.4926
10.7654
10.3906
10.7193
11.0525
10.3886
11.2595
10.2725
9.86578
9.74588
8.45588
9.5034
10.4418
11.6065
9.87955
11.2347
12.2577
12.2761
9.44492
9.51362
8.59576
8.72419
8.09101
7.9889
6.9755
7.57928
6.35739
5.66441
6.45309
6.79418
7.04599
7.46204
8.0966
9.3862
10.4107
15.9013
19.4451
35.1278
157.066
4290.76
-111.804
131.56
362.793
-396.31
-556.48
639.855
259.213
-5394.11
5809.59
606.026
420.595
-967.393
-594.255
1065.87
-1938.67
2016.86
-37436.8
508.138
-1779.47
-1629.64
1427.98
-70902.1
-764.355
