12.6784
10.5286
13.0553
12.8651
83.8822
14.2881
13.0621
10.1289
11.7264
11.6726
12.3427
11.5035
11.6858
10.859
11.3035
11.607
7.86159
12.2182
10.6602
11.6009
11.5131
11.1868
9.99744
9.28833
10.5266
9.96199
11.1959
8.01731
10.0261
9.37232
10.9093
11.0044
12.192
10.2001
9.1032
6.46001
8.52924
6.78265
7.12172
5.90576
6.21108
6.27991
6.05313
6.70564
7.0669
7.27358
8.2744
10.004
11.0932
14.5532
16.9002
35.3017
-inf
-inf
-inf
-inf
-inf
-inf
-inf
-inf
-inf
-inf
-inf
-inf
-inf
-inf
-inf
-inf
-inf
-inf
-inf
-inf
-inf
-inf
-inf
-inf
-inf
