13.0099
18.2759
14.2778
14.1673
16.4014
13.6315
16.3226
14.2556
16.621
12.5601
12.0186
11.4823
9.98106
10.0002
9.5519
8.9711
9.33107
8.8571
8.91792
8.40188
8.72301
8.49732
8.70363
8.24436
9.15929
8.73859
9.2821
8.29599
9.06329
9.58437
10.3947
12.7314
10.67
9.66184
9.41703
8.45504
7.837
7.27663
7.19393
6.62361
6.63349
6.62954
6.79741
7.12744
7.51485
8.12624
8.54528
9.26966
10.8549
13.5652
18.56
27.8581
62.9826
-190.184
-194.478
247.291
251.523
-261.256
-290426
677.07
-1832.19
808.541
13776.8
2387.39
736.842
-720.367
-1890.53
3765.17
2864.09
-1531.86
5795.08
1006.53
-925.614
2149.89
2115.07
-25080.2
-1376.29
