12.9485
15.076
14.7395
25.2567
17.5157
17.1972
13.3392
15.1795
11.8769
11.7029
12.8143
9.67352
10.1282
8.9499
8.67223
8.12713
9.89658
11.315
8.10492
7.55966
7.81314
8.11762
9.32918
7.66183
8.59714
7.67888
8.44079
8.14111
8.7156
8.43036
9.06206
9.06556
9.50366
8.70724
7.06428
7.08883
7.27277
6.38236
6.34575
6.01228
5.63949
5.73036
5.60726
6.6916
7.03086
7.73726
7.99009
8.70842
10.1613
12.1422
15.9804
27.3631
58.2786
-181.092
-142.139
148.558
287.447
-317.092
678.473
324.247
-606.782
300.24
-497.255
1071.3
1087.78
-357.307
-575.727
353.548
-2003.24
4700.5
972.638
364.696
-636.726
5864.85
-826.944
-16240.8
-599.805
