13.6546
13.0387
14.3167
12.4414
13.5421
29.9129
13.0669
28.5716
10.7233
12.2541
12.3032
11.54
11.0443
10.2351
10.7552
10.7161
10.6303
10.3595
11.7538
8.36756
9.25033
10.9981
7.99245
9.61802
7.62334
8.97036
9.25297
10.0737
8.99258
10.4789
10.9222
12.7502
8.94798
9.98813
7.66591
9.32992
6.86844
7.57411
6.91586
6.2121
6.9825
6.25096
6.96416
7.26836
7.73035
7.94208
9.11873
10.7285
8.48003
13.5797
16.4664
19.0244
-inf
-inf
-inf
-inf
-inf
-inf
-inf
-inf
-inf
-inf
-inf
-inf
-inf
-inf
-inf
-inf
-inf
-inf
-inf
-inf
-inf
-inf
-inf
-inf
-inf
