12.364
12.4587
13.916
16.3511
15.5878
12.4213
11.8047
12.8879
12.8172
11.0343
12.4224
8.86832
9.8548
9.5053
8.48437
9.22563
9.44658
8.30978
8.73505
7.47729
6.59592
8.20256
7.80619
7.33294
6.75494
6.83818
6.6678
8.26944
6.6721
10.3446
9.5322
9.03067
7.03501
10.4811
7.81712
9.85639
6.50491
6.0092
6.77366
5.6753
5.76163
6.09001
6.45064
5.5093
6.81472
7.90516
7.9298
9.1633
16.0465
12.5627
18.4669
21.445
40.0903
-73.6495
-443.532
31.0073
inf
-61.8146
54.3382
inf
-110.683
147.244
inf
441.632
-107.608
73.5053
-107.733
434.331
inf
-441.032
-429.831
430.031
-430.631
434.031
441.532
-215.116
-0.100113
